18Q : 342/729
1 ((1, 2, 2, 2, 2, 2), 552)
2 ((1, 1, 2, 2, 2, 2), 564)
3 ((1, 0, 2, 2, 2, 2), 576)
3 ((2, 2, 2, 2, 2, 1), 576)
4 ((1, 2, 2, 1, 2, 2), 588)
4 ((2, 1, 2, 2, 2, 1), 588)
4 ((2, 2, 2, 2, 1, 2), 588)
5 ((1, 1, 2, 1, 2, 2), 600)
5 ((1, 2, 2, 2, 2, 1), 600)
5 ((2, 0, 2, 2, 2, 1), 600)
5 ((2, 1, 2, 2, 1, 2), 600)
6 ((1, 0, 2, 1, 2, 2), 612)
6 ((1, 1, 2, 2, 2, 1), 612)
6 ((1, 2, 2, 2, 1, 2), 612)
6 ((2, 0, 2, 2, 1, 2), 612)
6 ((2, 2, 1, 2, 2, 2), 612)
6 ((2, 2, 2, 1, 2, 1), 612)
7 ((0, 2, 2, 2, 2, 1), 624)
7 ((1, 0, 2, 2, 2, 1), 624)
7 ((1, 1, 2, 2, 1, 2), 624)
7 ((1, 2, 2, 0, 2, 2), 624)
7 ((2, 1, 1, 2, 2, 2), 624)
7 ((2, 1, 2, 1, 2, 1), 624)
7 ((2, 2, 2, 1, 1, 2), 624)
8 ((0, 1, 2, 2, 2, 1), 636)
8 ((0, 2, 2, 2, 1, 2), 636)
8 ((1, 0, 2, 2, 1, 2), 636)
8 ((1, 1, 2, 0, 2, 2), 636)
8 ((1, 2, 1, 2, 2, 2), 636)
8 ((1, 2, 2, 1, 2, 1), 636)
8 ((2, 0, 1, 2, 2, 2), 636)
8 ((2, 0, 2, 1, 2, 1), 636)
8 ((2, 1, 2, 1, 1, 2), 636)
8 ((2, 2, 2, 2, 1, 1), 636)
9 ((0, 0, 2, 2, 2, 1), 648)
9 ((0, 1, 2, 2, 1, 2), 648)
9 ((1, 0, 2, 0, 2, 2), 648)
9 ((1, 1, 1, 2, 2, 2), 648)
9 ((1, 1, 2, 1, 2, 1), 648)
9 ((1, 2, 2, 1, 1, 2), 648)
9 ((2, 0, 2, 1, 1, 2), 648)
9 ((2, 1, 2, 2, 1, 1), 648)
9 ((2, 2, 1, 1, 2, 2), 648)
9 ((2, 2, 2, 0, 2, 1), 648)
10 ((0, 0, 2, 2, 1, 2), 660)
10 ((0, 2, 1, 2, 2, 2), 660)
10 ((0, 2, 2, 1, 2, 1), 660)
10 ((1, 0, 1, 2, 2, 2), 660)
10 ((1, 0, 2, 1, 2, 1), 660)
10 ((1, 1, 2, 1, 1, 2), 660)
10 ((1, 2, 2, 2, 1, 1), 660)
10 ((2, 0, 2, 2, 1, 1), 660)
10 ((2, 1, 1, 1, 2, 2), 660)
10 ((2, 1, 2, 0, 2, 1), 660)
10 ((2, 2, 1, 2, 2, 1), 660)
10 ((2, 2, 2, 0, 1, 2), 660)
11 ((0, 1, 1, 2, 2, 2), 672)
11 ((0, 1, 2, 1, 2, 1), 672)
11 ((0, 2, 2, 1, 1, 2), 672)
11 ((1, 0, 2, 1, 1, 2), 672)
11 ((1, 1, 2, 2, 1, 1), 672)
11 ((1, 2, 1, 1, 2, 2), 672)
11 ((1, 2, 2, 0, 2, 1), 672)
11 ((2, 0, 1, 1, 2, 2), 672)
11 ((2, 0, 2, 0, 2, 1), 672)
11 ((2, 1, 1, 2, 2, 1), 672)
11 ((2, 1, 2, 0, 1, 2), 672)
11 ((2, 2, 1, 2, 1, 2), 672)
11 ((2, 2, 2, 1, 1, 1), 672)
12 ((0, 0, 1, 2, 2, 2), 684)
12 ((0, 0, 2, 1, 2, 1), 684)
12 ((0, 1, 2, 1, 1, 2), 684)
12 ((0, 2, 2, 2, 1, 1), 684)
12 ((1, 0, 2, 2, 1, 1), 684)
12 ((1, 1, 1, 1, 2, 2), 684)
12 ((1, 1, 2, 0, 2, 1), 684)
12 ((1, 2, 1, 2, 2, 1), 684)
12 ((1, 2, 2, 0, 1, 2), 684)
12 ((2, 0, 1, 2, 2, 1), 684)
12 ((2, 0, 2, 0, 1, 2), 684)
12 ((2, 1, 1, 2, 1, 2), 684)
12 ((2, 1, 2, 1, 1, 1), 684)
12 ((2, 2, 1, 0, 2, 2), 684)
12 ((2, 2, 2, 2, 1, 0), 684)
13 ((0, 0, 2, 1, 1, 2), 696)
13 ((0, 1, 2, 2, 1, 1), 696)
13 ((0, 2, 1, 1, 2, 2), 696)
13 ((0, 2, 2, 0, 2, 1), 696)
13 ((1, 0, 1, 1, 2, 2), 696)
13 ((1, 0, 2, 0, 2, 1), 696)
13 ((1, 1, 1, 2, 2, 1), 696)
13 ((1, 1, 2, 0, 1, 2), 696)
13 ((1, 2, 1, 2, 1, 2), 696)
13 ((1, 2, 2, 1, 1, 1), 696)
13 ((2, 0, 1, 2, 1, 2), 696)
13 ((2, 0, 2, 1, 1, 1), 696)
13 ((2, 1, 1, 0, 2, 2), 696)
13 ((2, 1, 2, 2, 1, 0), 696)
13 ((2, 2, 1, 1, 2, 1), 696)
14 ((0, 0, 2, 2, 1, 1), 708)
14 ((0, 1, 1, 1, 2, 2), 708)
14 ((0, 1, 2, 0, 2, 1), 708)
14 ((0, 2, 1, 2, 2, 1), 708)
14 ((0, 2, 2, 0, 1, 2), 708)
14 ((1, 0, 1, 2, 2, 1), 708)
14 ((1, 0, 2, 0, 1, 2), 708)
14 ((1, 1, 1, 2, 1, 2), 708)
14 ((1, 1, 2, 1, 1, 1), 708)
14 ((1, 2, 1, 0, 2, 2), 708)
14 ((1, 2, 2, 2, 1, 0), 708)
14 ((2, 0, 1, 0, 2, 2), 708)
14 ((2, 0, 2, 2, 1, 0), 708)
14 ((2, 1, 1, 1, 2, 1), 708)
14 ((2, 2, 1, 1, 1, 2), 708)
14 ((2, 2, 1, 2, 2, 0), 708)
14 ((2, 2, 2, 0, 1, 1), 708)
15 ((0, 0, 1, 1, 2, 2), 720)
15 ((0, 0, 2, 0, 2, 1), 720)
15 ((0, 1, 1, 2, 2, 1), 720)
15 ((0, 1, 2, 0, 1, 2), 720)
15 ((0, 2, 1, 2, 1, 2), 720)
15 ((0, 2, 2, 1, 1, 1), 720)
15 ((1, 0, 1, 2, 1, 2), 720)
15 ((1, 0, 2, 1, 1, 1), 720)
15 ((1, 1, 1, 0, 2, 2), 720)
15 ((1, 1, 2, 2, 1, 0), 720)
15 ((1, 2, 1, 1, 2, 1), 720)
15 ((1, 2, 2, 2, 0, 1), 720)
15 ((2, 0, 1, 1, 2, 1), 720)
15 ((2, 1, 1, 1, 1, 2), 720)
15 ((2, 1, 1, 2, 2, 0), 720)
15 ((2, 1, 2, 0, 1, 1), 720)
15 ((2, 2, 1, 2, 1, 1), 720)
15 ((2, 2, 2, 1, 1, 0), 720)
16 ((0, 0, 1, 2, 2, 1), 732)
16 ((0, 0, 2, 0, 1, 2), 732)
16 ((0, 1, 1, 2, 1, 2), 732)
16 ((0, 1, 2, 1, 1, 1), 732)
16 ((0, 2, 1, 0, 2, 2), 732)
16 ((1, 0, 1, 0, 2, 2), 732)
16 ((1, 0, 2, 2, 1, 0), 732)
16 ((1, 1, 1, 1, 2, 1), 732)
16 ((1, 1, 2, 2, 0, 1), 732)
16 ((1, 2, 1, 1, 1, 2), 732)
16 ((1, 2, 1, 2, 2, 0), 732)
16 ((1, 2, 2, 0, 1, 1), 732)
16 ((2, 0, 1, 1, 1, 2), 732)
16 ((2, 0, 1, 2, 2, 0), 732)
16 ((2, 0, 2, 0, 1, 1), 732)
16 ((2, 1, 1, 2, 1, 1), 732)
16 ((2, 1, 2, 1, 1, 0), 732)
16 ((2, 2, 1, 0, 2, 1), 732)
16 ((2, 2, 1, 2, 0, 2), 732)
17 ((0, 0, 1, 2, 1, 2), 744)
17 ((0, 0, 2, 1, 1, 1), 744)
17 ((0, 1, 1, 0, 2, 2), 744)
17 ((0, 2, 1, 1, 2, 1), 744)
17 ((1, 0, 1, 1, 2, 1), 744)
17 ((1, 0, 2, 2, 0, 1), 744)
17 ((1, 1, 1, 1, 1, 2), 744)
17 ((1, 1, 1, 2, 2, 0), 744)
17 ((1, 1, 2, 0, 1, 1), 744)
17 ((1, 2, 1, 2, 1, 1), 744)
17 ((1, 2, 2, 1, 1, 0), 744)
17 ((2, 0, 1, 2, 1, 1), 744)
17 ((2, 0, 2, 1, 1, 0), 744)
17 ((2, 1, 1, 0, 2, 1), 744)
17 ((2, 1, 1, 2, 0, 2), 744)
17 ((2, 2, 1, 0, 1, 2), 744)
17 ((2, 2, 1, 1, 2, 0), 744)
18 ((0, 0, 1, 0, 2, 2), 756)
18 ((0, 1, 1, 1, 2, 1), 756)
18 ((0, 2, 1, 1, 1, 2), 756)
18 ((0, 2, 1, 2, 2, 0), 756)
18 ((0, 2, 2, 0, 1, 1), 756)
18 ((1, 0, 1, 1, 1, 2), 756)
18 ((1, 0, 1, 2, 2, 0), 756)
18 ((1, 0, 2, 0, 1, 1), 756)
18 ((1, 1, 1, 2, 1, 1), 756)
18 ((1, 1, 2, 1, 1, 0), 756)
18 ((1, 2, 1, 0, 2, 1), 756)
18 ((1, 2, 1, 2, 0, 2), 756)
18 ((1, 2, 2, 1, 0, 1), 756)
18 ((2, 0, 1, 0, 2, 1), 756)
18 ((2, 0, 1, 2, 0, 2), 756)
18 ((2, 1, 1, 0, 1, 2), 756)
18 ((2, 1, 1, 1, 2, 0), 756)
18 ((2, 2, 1, 1, 1, 1), 756)
18 ((2, 2, 2, 0, 1, 0), 756)
19 ((0, 0, 1, 1, 2, 1), 768)
19 ((0, 1, 1, 1, 1, 2), 768)
19 ((0, 1, 1, 2, 2, 0), 768)
19 ((0, 1, 2, 0, 1, 1), 768)
19 ((0, 2, 1, 2, 1, 1), 768)
19 ((1, 0, 1, 2, 1, 1), 768)
19 ((1, 0, 2, 1, 1, 0), 768)
19 ((1, 1, 1, 0, 2, 1), 768)
19 ((1, 1, 1, 2, 0, 2), 768)
19 ((1, 1, 2, 1, 0, 1), 768)
19 ((1, 2, 1, 0, 1, 2), 768)
19 ((1, 2, 1, 1, 2, 0), 768)
19 ((2, 0, 1, 0, 1, 2), 768)
19 ((2, 0, 1, 1, 2, 0), 768)
19 ((2, 1, 1, 1, 1, 1), 768)
19 ((2, 1, 2, 0, 1, 0), 768)
19 ((2, 2, 1, 1, 0, 2), 768)
19 ((2, 2, 1, 2, 1, 0), 768)
20 ((0, 0, 1, 1, 1, 2), 780)
20 ((0, 0, 1, 2, 2, 0), 780)
20 ((0, 0, 2, 0, 1, 1), 780)
20 ((0, 1, 1, 2, 1, 1), 780)
20 ((0, 2, 1, 0, 2, 1), 780)
20 ((1, 0, 1, 0, 2, 1), 780)
20 ((1, 0, 1, 2, 0, 2), 780)
20 ((1, 0, 2, 1, 0, 1), 780)
20 ((1, 1, 1, 0, 1, 2), 780)
20 ((1, 1, 1, 1, 2, 0), 780)
20 ((1, 2, 1, 1, 1, 1), 780)
20 ((1, 2, 2, 0, 1, 0), 780)
20 ((2, 0, 1, 1, 1, 1), 780)
20 ((2, 0, 2, 0, 1, 0), 780)
20 ((2, 1, 1, 1, 0, 2), 780)
20 ((2, 1, 1, 2, 1, 0), 780)
20 ((2, 2, 1, 0, 2, 0), 780)
20 ((2, 2, 1, 2, 0, 1), 780)
21 ((0, 0, 1, 2, 1, 1), 792)
21 ((0, 1, 1, 0, 2, 1), 792)
21 ((0, 2, 1, 0, 1, 2), 792)
21 ((0, 2, 1, 1, 2, 0), 792)
21 ((1, 0, 1, 0, 1, 2), 792)
21 ((1, 0, 1, 1, 2, 0), 792)
21 ((1, 1, 1, 1, 1, 1), 792)
21 ((1, 1, 2, 0, 1, 0), 792)
21 ((1, 2, 1, 1, 0, 2), 792)
21 ((1, 2, 1, 2, 1, 0), 792)
21 ((1, 2, 2, 0, 0, 1), 792)
21 ((2, 0, 1, 1, 0, 2), 792)
21 ((2, 0, 1, 2, 1, 0), 792)
21 ((2, 1, 1, 0, 2, 0), 792)
21 ((2, 1, 1, 2, 0, 1), 792)
21 ((2, 2, 1, 0, 1, 1), 792)
22 ((0, 0, 1, 0, 2, 1), 804)
22 ((0, 1, 1, 0, 1, 2), 804)
22 ((0, 1, 1, 1, 2, 0), 804)
22 ((0, 2, 1, 1, 1, 1), 804)
22 ((1, 0, 1, 1, 1, 1), 804)
22 ((1, 0, 2, 0, 1, 0), 804)
22 ((1, 1, 1, 1, 0, 2), 804)
22 ((1, 1, 1, 2, 1, 0), 804)
22 ((1, 1, 2, 0, 0, 1), 804)
22 ((1, 2, 1, 0, 2, 0), 804)
22 ((1, 2, 1, 2, 0, 1), 804)
22 ((2, 0, 1, 0, 2, 0), 804)
22 ((2, 0, 1, 2, 0, 1), 804)
22 ((2, 1, 1, 0, 1, 1), 804)
22 ((2, 2, 0, 2, 1, 1), 804)
22 ((2, 2, 1, 0, 0, 2), 804)
22 ((2, 2, 1, 1, 1, 0), 804)
23 ((0, 0, 1, 0, 1, 2), 816)
23 ((0, 0, 1, 1, 2, 0), 816)
23 ((0, 1, 1, 1, 1, 1), 816)
23 ((0, 2, 1, 2, 1, 0), 816)
23 ((1, 0, 1, 1, 0, 2), 816)
23 ((1, 0, 1, 2, 1, 0), 816)
23 ((1, 0, 2, 0, 0, 1), 816)
23 ((1, 1, 1, 0, 2, 0), 816)
23 ((1, 1, 1, 2, 0, 1), 816)
23 ((1, 2, 1, 0, 1, 1), 816)
23 ((2, 0, 1, 0, 1, 1), 816)
23 ((2, 1, 0, 2, 1, 1), 816)
23 ((2, 1, 1, 0, 0, 2), 816)
23 ((2, 1, 1, 1, 1, 0), 816)
23 ((2, 2, 1, 1, 0, 1), 816)
24 ((0, 0, 1, 1, 1, 1), 828)
24 ((0, 1, 1, 2, 1, 0), 828)
24 ((0, 2, 1, 0, 2, 0), 828)
24 ((0, 2, 1, 2, 0, 1), 828)
24 ((1, 0, 1, 0, 2, 0), 828)
24 ((1, 0, 1, 2, 0, 1), 828)
24 ((1, 1, 1, 0, 1, 1), 828)
24 ((1, 2, 0, 2, 1, 1), 828)
24 ((1, 2, 1, 0, 0, 2), 828)
24 ((1, 2, 1, 1, 1, 0), 828)
24 ((2, 0, 0, 2, 1, 1), 828)
24 ((2, 0, 1, 0, 0, 2), 828)
24 ((2, 0, 1, 1, 1, 0), 828)
24 ((2, 1, 1, 1, 0, 1), 828)
25 ((0, 0, 1, 2, 1, 0), 840)
25 ((0, 1, 1, 0, 2, 0), 840)
25 ((0, 1, 1, 2, 0, 1), 840)
25 ((0, 2, 1, 0, 1, 1), 840)
25 ((1, 0, 1, 0, 1, 1), 840)
25 ((1, 1, 0, 2, 1, 1), 840)
25 ((1, 1, 1, 0, 0, 2), 840)
25 ((1, 1, 1, 1, 1, 0), 840)
25 ((1, 2, 1, 1, 0, 1), 840)
25 ((2, 0, 1, 1, 0, 1), 840)
25 ((2, 2, 0, 1, 1, 1), 840)
25 ((2, 2, 1, 0, 1, 0), 840)
26 ((0, 0, 1, 0, 2, 0), 852)
26 ((0, 0, 1, 2, 0, 1), 852)
26 ((0, 1, 1, 0, 1, 1), 852)
26 ((0, 2, 1, 1, 1, 0), 852)
26 ((1, 0, 0, 2, 1, 1), 852)
26 ((1, 0, 1, 0, 0, 2), 852)
26 ((1, 0, 1, 1, 1, 0), 852)
26 ((1, 1, 1, 1, 0, 1), 852)
26 ((2, 1, 0, 1, 1, 1), 852)
26 ((2, 1, 1, 0, 1, 0), 852)
26 ((2, 2, 1, 0, 0, 1), 852)
27 ((0, 0, 1, 0, 1, 1), 864)
27 ((0, 1, 1, 1, 1, 0), 864)
27 ((0, 2, 1, 1, 0, 1), 864)
27 ((1, 0, 1, 1, 0, 1), 864)
27 ((1, 2, 0, 1, 1, 1), 864)
27 ((1, 2, 1, 0, 1, 0), 864)
27 ((2, 0, 0, 1, 1, 1), 864)
27 ((2, 0, 1, 0, 1, 0), 864)
27 ((2, 1, 1, 0, 0, 1), 864)
28 ((0, 0, 1, 1, 1, 0), 876)
28 ((0, 1, 1, 1, 0, 1), 876)
28 ((1, 1, 0, 1, 1, 1), 876)
28 ((1, 1, 1, 0, 1, 0), 876)
28 ((1, 2, 1, 0, 0, 1), 876)
28 ((2, 0, 1, 0, 0, 1), 876)
28 ((2, 2, 0, 0, 1, 1), 876)
29 ((0, 0, 1, 1, 0, 1), 888)
29 ((0, 2, 1, 0, 1, 0), 888)
29 ((1, 0, 0, 1, 1, 1), 888)
29 ((1, 0, 1, 0, 1, 0), 888)
29 ((1, 1, 1, 0, 0, 1), 888)
29 ((2, 1, 0, 0, 1, 1), 888)
30 ((0, 1, 1, 0, 1, 0), 900)
30 ((0, 2, 1, 0, 0, 1), 900)
30 ((1, 0, 1, 0, 0, 1), 900)
30 ((1, 2, 0, 0, 1, 1), 900)
30 ((2, 0, 0, 0, 1, 1), 900)
31 ((0, 0, 1, 0, 1, 0), 912)
31 ((0, 1, 1, 0, 0, 1), 912)
31 ((1, 1, 0, 0, 1, 1), 912)
32 ((0, 0, 1, 0, 0, 1), 924)
32 ((1, 0, 0, 0, 1, 1), 924)